0.000000
0.000000
0.801353
1.130213
1.583387
-1.501881
-1.597703
-1.685070
-1.450068
2.110967
-0.119389
-2.302492
-1.900206
-0.642352
-0.958346
-0.208944
2.224038
5.520854
-0.041874
-1.690246
-1.113826
0.385119
1.248371
0.757582
0.572806
0.185404
-0.457828
-3.173529
-1.403565
2.580224
3.111735
3.412819
1.486207
-1.972446
-0.153318
1.435480
1.396707
-0.673589
-2.762191
-3.096383
0.393917
3.021532
1.305734
-2.180906
-0.923021
-2.914057
-1.991793
1.355935
-0.029489
0.285183
1.684814
-1.869011
-2.018273
-1.864581
1.539712
-0.101037
2.950491
1.130041
-2.631242
-2.560721
1.189706
-1.702269
-0.838202
0.719242
0.859120
1.057521
0.457045
2.378666
-0.306293
-2.787848
-3.249492
-1.314152
2.078749
2.840653
2.391536
-0.053512
-0.836733
0.426669
2.392940
2.819861
0.036810
-1.152001
1.915707
-1.039223
-1.074340
1.744447
2.502354
3.826747
1.537065
-1.517724
-2.696768
-1.264268
1.351779
1.631057
0.998065
0.965624
-2.505921
-1.807063
2.110054
5.833766
2.993568
-0.593770
-0.330161
-1.991355
1.168224
3.877242
1.993154
1.047757
1.943215
2.977034
2.239427
2.089877
2.031944
1.470322
3.260835
4.834519
1.906977
-0.648391
-2.143840
1.120686
1.359184
3.329149
3.727819
0.552918
0.666086
1.350586
1.531004
2.964356
1.567091
1.415234
1.365529
1.711441
0.871897
-0.177543
2.169539
1.822003
4.614237
3.882326
3.357033
3.391416
-0.602085
-1.556534
0.815846
3.220990
2.162470
-0.750299
0.287087
2.443550
-0.206284
-1.812004
0.215939
5.004944
2.548726
0.562378
-0.549724
1.502568
2.609368
3.062324
2.267810
-1.088607
0.205990
3.049678
0.015475
-1.421934
-1.223616
1.975085
2.742172
1.065476
0.210440
-0.290152
3.957834
3.488993
1.016787
0.642782
2.350433
2.689753
2.820715
1.560494
0.198259
-0.977079
1.871935
3.161603
4.038294
2.612279
-0.422419
0.237484
-0.795400
-0.674433
1.865968
3.120245
1.659418
0.056863
0.430387
1.819606
1.320926
-0.070786
2.737520
-0.498626
-0.361700
1.516007
6.352425
4.952848
5.688365
7.479204
7.169679
5.296059
3.649246
-0.104092
0.337740
3.749137
8.833564
4.464363
0.633820
1.220914
5.098217
4.411820
0.911010
2.105461
3.529793
6.959230
4.891540
2.661570
0.963747
2.386805
2.966400
5.267428
3.421512
0.567305
1.724710
2.813197
2.835298
5.921544
3.744452
0.956886
1.999427
5.640359
5.939286
4.938384
2.634847
2.809006
3.870320
4.854984
5.793703
3.986778
0.787483
3.738945
4.182862
4.562384
5.812960
4.487556
1.819470
-1.632940
0.013490
0.256548
3.801732
6.697713
3.128792
3.195711
2.260618
1.877504
2.836103
3.146728
2.168518
5.187401
4.591522
3.509908
2.605626
-0.153569
-0.658646
4.213863
5.241129
5.504726
4.001604
3.282150
5.443348
4.547296
2.591224
1.573338
3.373376
3.351500
5.572442
5.390902
4.570670
5.155854
4.510984
5.884163
4.626427
3.591506
2.452587
2.356982
4.067437
4.550337
0.858165
2.242243
4.741331
2.088095
1.871886
4.309655
3.734299
3.414472
4.105875
8.108800
8.628158
6.845412
8.778546
7.478991
7.344139
7.577902
8.213363
6.089145
7.510662
7.733926
9.447343
6.811365
8.604440
7.069728
2.554774
4.796994
8.839245
7.835806
6.587847
7.716911
8.033189
5.082182
5.077671
12.537960
9.679492
6.224605
4.800166
6.134748
6.550236
6.936405
5.256091
6.951652
7.046169
10.299587
7.417960
4.229145
0.738050
4.748703
8.458447
9.015360
6.079189
8.118333
6.245800
7.758487
8.643730
8.842014
6.171608
3.628408
6.554593
7.166748
7.287465
8.312340
6.188170
7.823683
7.536206
5.919318
6.363198
4.557872
3.778787
3.538893
4.490426
6.449663
7.990393
7.980762
4.044446
6.093238
8.914591
8.428003
5.541897
4.353749
6.443293
7.232302
4.109700
6.185094
5.463264
9.141104
9.149386
9.497472
7.716556
4.910684
4.885426
7.303751
9.366235
7.329987
6.007625
5.949544
5.946717
7.822639
5.173767
3.466835
3.855752
6.475958
8.451144
7.950641
4.420396
4.808342
8.956959
11.598760
11.204143
10.270859
9.887951
8.563819
8.718560
11.267049
10.377364
11.124697
10.096917
10.530957
9.753838
9.347930
10.993263
9.949289
9.149126
9.001346
9.168204
11.494591
13.704176
12.217815
13.489888
12.700490
12.225387
8.594695
9.598775
12.990900
15.249271
11.607530
9.516539
9.512220
9.682457
11.175661
12.569401
10.346674
10.912085
8.597147
8.664625
10.889920
10.671068
10.656990
8.549702
11.141042
11.405222
11.256991
9.413040
10.688419
7.758330
10.089031
12.285393
12.279719
12.131033
11.664409
8.965620
9.907254
10.208635
10.786015
12.085473
12.676098
9.965568
9.569287
11.578103
13.982390
10.647322
9.061622
11.718199
13.335541
11.158265
7.111966
7.962216
10.457983
11.979078
11.583161
13.663068
13.394273
13.751665
9.722288
6.887560
8.143105
13.012128
15.634733
11.377976
8.332655
7.281822
11.846791
11.435354
9.660523
9.216473
12.209971
11.429197
8.238900
11.262868
14.148562
9.540411
7.217756
12.694618
13.807766
10.617498
9.362915
11.641302
10.156323
15.676865
19.154206
20.765915
17.408055
15.437508
17.718444
19.623342
15.998306
13.929128
16.367456
14.436318
14.671796
19.565443
18.453927
15.608833
14.025887
15.332502
16.397375
18.775435
17.071964
16.841673
15.068131
16.022346
13.837283
16.014601
20.259882
19.570111
16.059664
14.009532
15.360026
16.910379
17.841946
17.035030
17.211575
16.381293
17.208671
16.689766
13.948417
12.699895
15.629031
15.077642
14.759694
14.878009
17.258762
19.827318
20.344582
16.701645
13.858897
13.580335
16.878555
16.613861
17.500362
16.837226
17.459277
13.048585
15.045490
15.552168
17.423075
17.763661
19.400757
18.219141
15.644193
15.639901
18.321818
16.854896
15.457478
14.235973
15.215839
16.960131
16.042969
16.274903
17.008225
16.871757
17.516458
17.246238
14.119427
12.788588
17.373280
19.378978
17.030577
14.308688
14.902743
16.017716
17.660298
18.062799
18.663013
19.219870
18.390208
15.600205
12.623255
14.455357
15.808323
18.335366
18.368546
16.486264
15.338726
12.858227
14.118467
16.817065
22.400854
27.190760
26.266532
23.249149
22.516024
23.686715
26.761687
25.477442
22.170460
21.969757
20.165885
20.753536
23.218427
23.397518
23.435928
24.377662
25.357561
23.683566
23.081929
22.250431
25.832302
24.910200
25.088706
21.463757
20.736233
24.589317
25.099265
24.068565
24.214589
22.885999
20.288444
22.131325
26.326222
26.195831
25.995622
21.986396
22.035374
21.533929
21.882332
20.392881
22.309371
24.742736
25.385844
23.152224
22.395441
21.736888
22.973295
24.845346
23.748969
23.715426
21.714020
22.459793
25.729815
22.675876
20.664993
23.647654
24.640919
24.493384
25.556739
27.418757
24.041047
24.744844
26.541101
23.852872
22.809357
22.647430
23.271477
22.369654
22.453394
19.727048
23.522221
26.091961
24.313810
23.135802
26.367058
25.358654
24.671345
24.038518
24.555009
25.053919
25.209507
23.550877
23.488038
23.970294
26.495208
25.699795
25.284619
23.121002
22.543596
23.815127
24.893191
24.716161
21.210165
22.843106
23.554670
20.365568
22.681213
24.735086
26.907608
26.862344
25.638205
29.026267
33.944510
34.312025
30.050466
26.631062
29.982994
31.550340
33.926612
32.175607
31.570000
28.372947
26.856751
30.874024
32.501534
29.246655
27.736796
32.587505
33.114362
31.411763
30.666208
32.512112
32.255512
30.455748
33.861593
31.356609
31.753539
32.694222
31.810676
30.788388
31.690747
31.380034
28.196124
29.732235
30.294864
33.633339
33.712344
33.459033
31.062566
29.116526
29.893493
31.363313
31.980961
29.310707
27.088025
30.849558
31.507696
29.937705
29.014327
27.815298
32.352085
33.038951
32.671878
29.436904
29.839897
31.317449
31.435562
33.070366
31.525814
30.020640
30.941351
34.065300
33.490254
31.864100
31.842092
31.071157
31.907964
34.441762
34.396705
31.709250
28.007279
28.850975
30.905254
33.362972
30.965962
28.674606
28.426411
29.810255
33.459379
32.349131
33.008035
32.459799
30.743924
30.044590
30.717056
31.791451
34.841887
32.071210
30.145429
29.547645
31.341563
33.184132
33.114465
32.702939
30.604182
27.602121
26.759686
32.262447
35.051765
32.201036
31.185958
38.976150
43.626698
41.193371
39.316882
40.786918
39.915095
37.540120
38.683447
38.700995
39.805934
41.470687
42.126650
41.025897
40.694181
40.507504
40.152016
41.356507
42.175445
40.859246
38.324407
38.656279
43.878211
45.211607
43.544641
37.006617
34.094228
36.885949
39.399882
39.739007
40.850548
40.997456
42.147782
43.161915
41.889778
39.008812
37.787277
37.400838
39.567175
40.745692
41.290042
39.384843
39.246651
40.327766
40.589726
40.417118
41.514328
40.309811
43.060453
40.316073
39.382211
41.115243
40.080895
39.489247
39.214263
37.798192
38.054944
42.293250
41.982978
39.856126
40.177394
38.262387
42.197893
42.578245
41.711743
38.929003
36.207649
40.688563
42.075267
41.259708
40.291148
43.394043
42.022936
42.495366
40.564659
40.579757
41.105598
41.717364
41.929178
38.653300
37.838659
39.294024
42.627305
44.075363
41.829480
38.760737
35.697766
39.431413
39.776072
38.777683
38.353728
41.240000
40.447178
39.544526
38.778890
41.040399
41.928877
39.073230
38.985457
40.170494
40.206428
49.598612
51.623128
50.447284
46.815228
49.308267
55.116916
55.793357
49.751394
47.157274
47.200543
48.962549
50.911989
54.293523
53.373976
50.239819
47.322368
46.988966
50.015239
51.440690
48.896758
46.231356
47.357772
48.013672
51.883626
54.561318
51.188634
46.825881
48.347520
50.732141
51.024260
51.331886
50.643689
48.035218
49.990513
51.995119
50.484805
49.714016
49.764730
52.163803
49.242096
48.850944
51.058122
52.220083
50.582938
46.559776
46.489338
50.763592
53.346884
54.262462
51.732434
49.197461
51.523816
52.533529
50.296775
51.549099
51.898717
50.240088
48.648898
50.995571
51.895222
50.525561
48.539961
48.250940
48.593261
48.049170
49.116517
48.799990
49.854176
51.617738
51.769947
50.170559
47.559288
47.000982
49.930997
53.011307
52.571250
49.683339
49.611904
47.955990
49.527295
52.748796
54.512116
53.315839
52.044049
49.885573
48.004416
48.926298
53.097264
53.060911
50.699566
48.852454
47.225739
50.117313
50.412268
50.559461
48.927487
48.993791
48.913529
50.403804
49.957677
